A0001 Josh Mobley 90 65 88 45 76 87 94 34 68 86
A0002 Javier Villarreal 90 65 46 84 87 63 89 32 43 67
A0003 Connor Morris 90 65 88 45 76 87 94 34 68 86
A0004 Nick Sanford 90 68 34 64 78 35 76 46 97 45
A0005 Brittney Ganung 43 65 76 87 45 34 64 76 88 78
A0006 Lauren Kowis 90 32 54 76 87 57 32 78 96 35
A0007 Jordyn Smith 90 23 65 87 90 60 90 34 65 85
A0008 Kyra Johnson 90 65 46 84 87 63 89 32 43 67
A0009 Michael McCollum 43 65 76 87 45 34 64 76 88 78
A0010 Asher Rodgers 90 65 88 45 76 87 94 34 68 86
A1011 Khloe Sievers 43 65 76 87 45 34 64 76 88 78
A1012 Joe Gutierezz 90 68 34 64 78 35 76 46 97 45
A1013 Hector Fourzan 90 32 54 76 87 57 32 78 96 35
A1014 Cody Letterman 90 65 34 76 98 54 95 97 93 23
A1015 Justin Benivedes 90 23 65 87 90 60 90 34 65 85