0001 Josh Mobley 100 90 89 54 67 23 76 34 86 52
0002 Javi Villarreal 95 89 54 67 23 76 34 86 52
0004 Nick Sanford 90 89 54 67 23 76 34 86 52
0005 Brittney Ganung 85 89 54 67 23 76 34 86 52
0008 Kyra Smith 70 89 54 67 23 76 34 86 52
0009 Michael McCollum 65 89 54 67 23 76 34 86 52
0010 Asher Rodgers 60 89 54 67 23 76 34 86 52
0012 Joe Gutierezz 50 89 54 67 23 76 34 86 52
0013 Hector Fourzan 45 89 54 67 23 76 34 86 52
0014 Cody Letterman 40 89 54 67 23 76 34 86 52
0015 Michael Harmon 35 89 54 67 23 76 34 86 52
0003 Connor Morris 90 89 54 67 23 76 34 86 52
0006 Lauren Kowis 80 89 54 67 23 76 34 86 52
0007 Jordyn Smith 75 89 54 67 23 76 34 86 52
0011 Khloe Sievers 55 89 54 67 23 76 34 86 52